0 1
1 2
2 3
3 4
4 5
5 1
6 2
7 3
8 4
9 5
10 1
11 2
12 3
13 4
14 5
15 1
16 2
17 3
18 4
19 5
20 1
21 2
22 3
23 4
24 5
25 1
26 2
27 3
28 4
29 5
30 1
31 2
32 3
33 4
34 5
35 1
36 2
37 3
38 4
39 5
40 1
41 2
42 3
43 4
44 5
45 1
46 2
47 3
48 4
49 5
50 1
51 2
52 3
53 4
54 5
55 1
56 2
57 3
58 4
59 5
60 1
61 2
62 3
63 4
64 5
65 1
66 2
67 3
68 4
69 5
70 1
71 2
72 3
73 4
74 5
75 1
76 2
77 3
78 4
79 5
80 1
81 2
82 3
83 4
84 5
85 1
86 2
87 3
88 4
89 5
90 1
91 2
92 3
93 4
94 5
95 1
96 2
97 3
98 4
99 5
100 1
101 2
102 3
103 4
104 5
105 1
106 2
107 3
108 4
109 5
110 1
111 2
112 3
113 4
114 5
115 1
116 2
117 3
118 4
119 5
120 1
121 2
122 3
123 4
124 5
125 1
126 2
127 3
128 4
129 5
130 1
131 2
132 3
133 4
134 5
135 1
136 2
137 3
138 4
139 5
140 1
141 2
142 3
143 4
144 5
145 1
146 2
147 3
148 4
149 5
150 1
151 2
152 3
153 4
154 5
155 1
156 2
157 3
158 4
159 5
160 1
161 2
162 3
163 4
164 5
165 1
166 2
167 3
168 4
169 5
170 1
171 2
172 3
173 4
174 5
175 1
176 2
177 3
178 4
179 5
180 1
181 2
182 3
183 4
184 5
185 1
186 2
187 3
188 4
189 5
190 1
191 2
192 3
193 4
194 5
195 1
196 2
197 3
198 4
199 5
200 1
201 2
202 3
203 4
204 5
205 1
206 2
207 3
208 4
209 5
210 1
211 2
212 3
213 4
214 5
215 1
216 2
217 3
218 4
219 5
220 1
221 2
222 3
223 4
224 5
225 1
226 2
227 3
228 4
229 5
230 1
231 2
232 3
233 4
234 5
235 1
236 2
237 3
238 4
239 5
240 1
241 2
242 3
243 4
244 5
245 1
246 2
247 3
248 4
249 5
250 1
251 2
252 3
253 4
254 5
255 1
256 2
257 3
258 4
259 5
260 1
261 2
262 3
263 4
264 5
265 1
266 2
267 3
268 4
269 5
270 1
271 2
272 3
273 4
274 5
275 1
276 2
277 3
278 4
279 5
280 1
281 2
282 3
283 4
284 5
285 1
286 2
287 3
288 4
289 5
290 1
291 2
292 3
293 4
294 5
295 1
296 2
297 3
298 4
299 5
300 1
301 2
302 3
303 4
304 5
305 1
306 2
307 3
308 4
309 5
310 1
311 2
312 3
313 4
314 5
315 1
316 2
317 3
318 4
319 5
320 1
321 2
322 3
323 4
324 5
325 1
326 2
327 3
328 4
329 5
330 1
331 2
332 3
333 4
334 5
335 1
336 2
337 3
338 4
339 5
340 1
341 2
342 3
343 4
344 5
345 1
346 2
347 3
348 4
349 5
350 1
351 2
352 3
353 4
354 5
355 1
356 2
357 3
358 4
359 5
360 1
361 2
362 3
363 4
364 5
365 1
366 2
367 3
368 4
369 5
370 1
371 2
372 3
373 4
374 5
375 1
376 2
377 3
378 4
379 5
380 1
381 2
382 3
383 4
384 5
385 1
386 2
387 3
388 4
389 5
390 1
391 2
392 3
393 4
394 5
395 1
396 2
397 3
398 4
399 5
400 1
401 2
402 3
403 4
404 5
405 1
406 2
407 3
408 4
409 5
410 1
411 2
412 3
413 4
414 5
415 1
416 2
417 3
418 4
419 5
420 1
421 2
422 3
423 4
424 5
425 1
426 2
427 3
428 4
429 5
430 1
431 2
432 3
433 4
434 5
435 1
436 2
437 3
438 4
439 5
440 1
441 2
442 3
443 4
444 5
445 1
446 2
447 3
448 4
449 5
450 1
451 2
452 3
453 4
454 5
455 1
456 2
457 3
458 4
459 5
460 1
461 2
462 3
463 4
464 5
465 1
466 2
467 3
468 4
469 5
470 1
471 2
472 3
473 4
474 5
475 1
476 2
477 3
478 4
479 5
480 1
481 2
482 3
483 4
484 5
485 1
486 2
487 3
488 4
489 5
490 1
491 2
492 3
493 4
494 5
495 1
496 2
497 3
498 4
499 5
500 1
501 2
502 3
503 4
504 2
505 3
506 4
507 2
508 3
509 4
510 2
511 3
512 4
513 2
514 3
515 4
516 2
517 3
518 4
519 2
520 3
521 4
522 2
523 3
524 4
525 2
526 3
527 4
528 2
529 3
530 4
531 2
532 3
533 4
534 2
535 3
536 4
537 2
538 3
539 4
540 2
541 3
542 4
543 2
544 3
545 4
546 2
547 3
548 4
549 2
550 3
551 4
552 2
553 3
554 4
555 2
556 3
557 4
558 2
559 3
560 4
561 2
562 3
563 4
564 2
565 3
566 4
567 2
568 3
569 4
570 2
