0 1
1 2
2 3
3 4
4 5
5 5
6 4
7 5
8 5
9 5
10 5
11 1
12 4
13 5
14 4
15 5
16 1
17 4
18 4
19 5
20 1
21 4
22 5
23 5
24 4
25 5
26 5
27 4
28 4
29 4
30 5
31 3
32 3
33 5
34 5
35 5
36 5
37 5
38 5
39 5
40 5
41 5
42 4
43 5
44 4
45 5
46 5
47 5
48 6
49 5
50 5
51 5
52 5
53 4
54 5
55 4
56 5
57 5
58 5
59 5
60 5
61 5
62 5
63 4
64 5
65 5
66 5
67 5
68 4
69 5
70 4
71 5
72 6
73 7
74 4
75 5
76 5
77 5
78 4
79 4
80 5
81 5
82 5
83 5
84 5
85 5
86 5
87 5
88 4
89 5
90 5
91 7
92 5
93 5
94 5
95 5
96 5
97 4
98 5
99 4
100 5
101 5
102 4
103 5
104 4
105 5
106 5
107 4
108 5
109 5
110 5
111 4
112 4
113 5
114 5
115 1
116 4
117 5
118 4
119 5
120 1
121 5
122 5
123 5
124 5
125 5
126 5
127 5
128 5
129 5
130 8
131 4
132 5
133 5
134 5
135 4
136 5
137 5
138 4
139 5
140 5
141 1
142 5
143 5
144 8
145 5
146 6
147 4
148 5
149 8
150 5
151 5
152 6
153 4
154 5
155 5
156 5
157 5
158 5
159 5
160 4
161 5
162 5
163 4
164 5
165 5
166 4
167 5
168 5
169 5
170 5
171 4
172 2
173 4
174 5
175 4
176 5
177 7
178 4
179 5
180 5
181 5
182 5
183 5
184 5
185 5
186 5
187 4
188 5
189 4
190 5
191 5
192 4
193 1
194 5
195 5
196 5
197 4
198 4
199 5
200 5
201 7
202 1
203 5
204 5
205 5
206 5
207 5
208 4
209 5
210 7
211 5
212 5
213 4
214 4
215 5
216 1
217 5
218 1
219 5
220 1
221 6
222 6
223 5
224 6
225 5
226 5
227 4
228 4
229 4
230 5
231 5
232 5
233 4
234 5
235 3
236 4
237 5
238 5
239 5
240 5
241 4
242 6
243 5
244 5
245 5
246 6
247 6
248 5
249 4
250 4
251 4
252 5
253 5
254 7
255 5
256 5
257 5
258 7
259 4
260 4
261 5
262 5
263 4
264 4
265 7
266 7
267 2
268 5
269 5
270 5
271 4
272 5
273 5
274 4
275 4
276 5
277 5
278 4
279 5
280 5
281 7
282 4
283 7
284 5
285 4
286 7
287 6
288 5
289 4
290 5
291 6
292 5
293 5
294 5
295 5
296 5
297 6
298 4
299 1
300 5
301 5
302 5
303 4
304 5
305 5
306 5
307 4
308 5
309 5
310 5
311 6
312 5
313 4
314 5
315 5
316 5
317 5
318 5
319 5
320 4
321 5
322 4
323 5
324 5
325 5
326 5
327 5
328 5
329 4
330 5
331 5
332 5
333 5
334 5
335 5
336 5
337 5
338 4
339 5
340 5
341 4
342 5
343 5
344 5
345 5
346 7
347 5
348 5
349 4
350 7
351 5
352 5
353 5
354 5
355 5
356 5
357 5
358 1
359 5
360 2
361 2
362 5
363 4
364 5
365 4
366 5
367 4
368 5
369 5
370 5
371 4
372 4
373 5
374 5
375 4
376 5
377 4
378 5
379 5
380 5
381 5
382 4
383 5
384 2
385 4
386 4
387 5
388 5
389 5
390 8
391 5
392 4
393 5
394 4
395 4
396 8
397 5
398 4
399 5
400 4
401 5
402 5
403 5
404 5
405 5
406 4
407 4
408 4
409 4
410 5
411 6
412 8
413 6
414 5
415 5
416 5
417 4
418 5
419 5
420 4
421 4
422 5
423 4
424 4
425 5
426 1
427 5
428 7
429 7
430 3
431 8
432 5
433 1
434 4
435 1
436 1
437 7
438 5
439 4
440 5
441 7
442 1
443 1
444 4
445 6
446 4
447 1
448 5
449 5
450 6
451 4
452 7
453 4
454 4
455 4
456 4
457 5
458 5
459 4
460 5
461 4
462 6
463 6
464 5
465 4
466 5
467 5
468 4
469 4
470 6
471 7
472 4
473 4
474 5
475 5
476 5
477 4
478 4
479 5
480 4
481 5
482 5
483 4
484 6
485 5
486 1
487 1
488 4
489 5
490 5
491 5
492 5
493 5
494 7
495 5
496 4
497 5
498 5
499 5
500 6
501 4
502 5
503 5
504 5
505 7
506 5
507 5
508 5
509 4
510 5
511 7
512 4
513 5
514 5
515 5
516 5
517 5
518 5
519 6
520 4
521 5
522 5
523 5
524 5
525 5
526 5
527 5
528 5
529 5
530 5
531 1
532 2
533 5
534 5
535 5
536 5
537 5
538 4
539 5
540 5
541 5
542 5
543 5
544 5
545 5
546 5
547 5
548 5
549 5
550 5
551 5
552 4
553 5
554 4
555 5
556 5
557 5
558 4
559 4
560 5
561 4
562 7
563 4
564 5
565 5
566 4
567 4
568 5
569 5
570 5
571 5
572 4
573 5
574 8
575 5
576 5
577 5
578 5
579 5
580 1
581 4
582 4
583 5
584 4
585 4
586 5
587 4
588 5
589 4
590 4
591 5
592 4
593 4
594 5
595 5
596 5
597 5
598 5
599 5
600 4
601 5
602 5
603 4
604 5
605 5
606 5
607 5
608 5
609 5
610 5
611 4
612 5
613 5
614 5
615 1
616 4
617 4
618 4
619 5
620 4
621 5
622 4
623 5
624 4
625 5
626 5
627 5
628 5
629 5
630 5
631 5
632 5
633 4
634 5
635 4
636 5
637 5
638 4
639 5
640 4
641 4
642 5
643 5
644 5
645 5
646 5
647 4
648 5
649 4
650 5
651 5
652 5
653 5
654 5
655 8
656 5
657 5
658 5
659 5
660 4
661 4
662 5
663 5
664 5
665 5
666 5
667 5
668 8
669 5
670 5
671 5
672 5
673 5
674 4
675 4
676 8
677 8
678 4
679 5
680 5
681 5
682 4
683 8
684 5
685 4
686 5
687 5
688 4
689 5
690 5
691 5
692 4
693 4
694 4
695 5
696 5
697 4
698 7
699 4
700 4
701 5
702 4
703 4
704 5
705 4
706 5
707 4
708 5
709 8
710 5
711 4
712 5
713 5
714 4
715 5
716 8
717 5
718 5
719 4
720 4
721 5
722 4
723 8
724 1
725 4
726 6
727 4
728 8
729 6
730 1
731 1
732 1
733 1
734 5
735 1
736 5
737 4
738 5
739 5
740 5
741 5
742 5
743 5
744 5
745 5
746 5
747 5
748 5
749 5
750 5
751 4
752 5
753 5
754 5
755 5
756 5
757 5
758 5
759 5
760 5
761 5
762 5
763 4
764 5
765 5
766 5
767 5
768 5
769 5
770 5
771 5
772 4
773 7
774 1
775 5
776 5
777 1
778 4
779 4
780 4
781 4
782 5
783 5
784 5
785 5
786 5
787 5
788 6
789 5
790 5
791 5
792 5
793 5
794 5
795 4
796 5
797 5
798 4
799 4
800 4
801 1
802 1
803 1
804 5
805 5
806 5
807 5
808 5
809 4
810 4
811 4
812 7
813 4
814 8
815 3
816 5
817 7
818 7
819 1
820 1
821 3
822 7
823 8
824 4
825 4
826 4
827 5
828 4
829 4
830 4
831 4
832 4
833 4
834 1
835 4
836 4
837 8
838 6
839 4
840 4
841 4
842 5
843 5
844 5
845 5
846 4
847 5
848 5
849 5
850 4
851 4
852 4
853 4
854 4
855 4
856 4
857 4
858 8
859 4
860 7
861 4
862 4
863 4
864 4
865 5
866 4
867 5
868 5
869 8
870 5
871 4
872 5
873 4
874 4
875 4
876 4
877 4
878 5
879 4
880 5
881 5
882 4
883 4
884 5
885 4
886 4
887 4
888 5
889 4
890 4
891 4
892 4
893 4
894 5
895 4
896 4
897 5
898 4
899 4
900 4
901 4
902 4
903 4
904 6
905 4
906 6
907 4
908 5
909 4
910 5
911 8
912 7
913 4
914 4
915 4
916 4
917 4
918 8
919 5
920 4
921 4
922 4
923 8
924 4
925 4
926 4
927 4
928 5
929 5
930 4
931 5
932 4
933 5
934 5
935 4
936 4
937 5
938 4
939 8
940 8
941 4
942 4
943 5
944 4
945 4
946 4
947 4
948 5
949 4
950 4
951 4
952 4
953 4
954 4
955 4
956 4
957 4
958 4
959 8
960 4
961 6
962 7
963 5
964 8
965 7
966 5
967 5
968 4
969 4
970 6
971 5
972 3
973 8
974 6
975 7
976 7
977 1
978 4
979 6
980 4
981 4
982 4
983 4
984 8
985 5
986 5
987 5
988 4
989 5
990 4
991 5
992 4
993 3
994 6
995 4
996 4
997 5
998 4
999 7
1000 4
1001 5
1002 4
1003 4
1004 4
1005 4
1006 4
1007 5
1008 6
1009 5
1010 1
1011 5
1012 5
1013 8
1014 5
1015 4
1016 4
1017 4
1018 4
1019 8
1020 5
1021 4
1022 1
1023 7
1024 8
1025 4
1026 5
1027 4
1028 4
1029 4
1030 1
1031 4
1032 5
1033 5
1034 4
1035 5
1036 3
1037 5
1038 5
1039 4
1040 8
1041 4
1042 4
1043 4
1044 4
1045 4
1046 4
1047 3
1048 4
1049 8
1050 4
1051 4
1052 4
1053 5
1054 5
1055 5
1056 4
1057 1
1058 5
1059 3
1060 5
1061 5
1062 4
1063 1
1064 5
1065 5
1066 5
1067 5
1068 4
1069 5
1070 3
1071 8
1072 4
1073 4
1074 4
1075 4
1076 5
1077 5
1078 3
1079 6
1080 7
1081 7
1082 4
1083 3
1084 1
1085 4
1086 4
1087 5
1088 5
1089 7
1090 8
1091 5
1092 5
1093 4
1094 5
1095 1
1096 7
1097 8
1098 4
1099 7
1100 7
1101 1
1102 5
1103 7
1104 4
1105 4
1106 4
1107 4
1108 4
1109 4
1110 4
1111 4
1112 4
1113 5
1114 4
1115 7
1116 4
1117 5
1118 4
1119 5
1120 5
1121 8
1122 5
1123 4
1124 4
1125 4
1126 5
1127 5
1128 4
1129 4
1130 4
1131 4
1132 4
1133 6
1134 7
1135 6
1136 8
1137 8
1138 4
1139 4
1140 4
1141 8
1142 8
1143 8
1144 5
1145 8
1146 5
1147 8
1148 8
1149 8
1150 8
1151 5
1152 5
1153 5
1154 5
1155 5
1156 8
1157 4
1158 5
1159 8
1160 8
1161 8
1162 8
1163 8
1164 4
1165 8
1166 8
1167 5
1168 8
1169 8
1170 4
1171 5
1172 4
1173 8
1174 8
1175 8
1176 4
1177 5
1178 8
1179 5
1180 5
1181 5
1182 1
1183 8
1184 4
1185 3
1186 4
1187 4
1188 4
1189 3
1190 1
1191 5
1192 5
1193 4
1194 4
1195 4
1196 7
1197 4
1198 4
1199 4
1200 4
1201 4
1202 5
1203 5
1204 4
1205 4
1206 4
1207 4
1208 4
1209 4
1210 1
1211 5
1212 4
1213 5
1214 7
1215 7
1216 5
1217 1
1218 4
1219 1
1220 5
1221 4
1222 4
1223 5
1224 1
1225 8
1226 3
1227 4
1228 3
1229 3
1230 4
1231 7
1232 3
1233 4
1234 8
1235 4
1236 4
1237 5
1238 4
1239 4
1240 1
1241 7
1242 5
1243 5
1244 5
1245 5
1246 4
1247 4
1248 8
1249 7
1250 8
1251 3
1252 4
1253 4
1254 3
1255 4
1256 5
1257 4
1258 4
1259 4
1260 4
1261 5
1262 4
1263 4
1264 1
1265 4
1266 4
1267 8
1268 4
1269 4
1270 8
1271 1
1272 4
1273 5
1274 4
1275 5
1276 4
1277 4
1278 4
1279 4
1280 4
1281 4
1282 4
1283 4
1284 4
1285 4
1286 5
1287 4
1288 4
1289 4
1290 5
1291 4
1292 4
1293 5
1294 5
1295 1
1296 4
1297 4
1298 4
1299 4
1300 4
1301 4
1302 4
1303 4
1304 5
1305 4
1306 4
1307 6
1308 4
1309 4
1310 5
1311 5
1312 4
1313 5
1314 4
1315 4
1316 1
1317 4
1318 5
1319 4
1320 4
1321 4
1322 5
1323 4
1324 4
1325 5
1326 4
1327 4
1328 4
1329 5
1330 4
1331 4
1332 5
1333 5
1334 4
1335 7
1336 7
1337 6
1338 3
1339 8
1340 8
1341 4
1342 8
1343 8
1344 4
1345 8
1346 4
1347 7
1348 7
1349 5
1350 7
1351 1
1352 7
1353 1
1354 7
1355 8
1356 7
1357 8
1358 8
1359 5
1360 5
1361 1
1362 5
1363 4
1364 4
1365 4
1366 5
1367 5
1368 5
1369 4
1370 5
1371 5
1372 4
1373 5
1374 5
1375 4
1376 5
1377 5
1378 1
1379 4
1380 4
1381 5
1382 5
1383 4
1384 4
1385 5
1386 4
1387 4
1388 4
1389 4
1390 4
1391 4
1392 4
1393 5
1394 4
1395 5
1396 4
1397 5
1398 4
1399 4
1400 5
1401 4
1402 4
1403 4
1404 4
1405 4
1406 4
1407 5
1408 4
1409 5
1410 4
1411 4
1412 4
1413 4
1414 5
1415 4
1416 4
1417 4
1418 4
1419 4
1420 4
1421 7
1422 4
1423 5
1424 5
1425 5
1426 5
1427 4
1428 4
1429 5
1430 4
1431 5
1432 5
1433 4
1434 4
1435 4
1436 4
1437 4
1438 8
1439 4
1440 4
1441 4
1442 8
1443 5
1444 5
1445 4
1446 4
1447 5
1448 4
1449 5
1450 4
1451 4
1452 4
1453 4
1454 4
1455 3
1456 5
1457 4
1458 4
1459 4
1460 4
1461 4
1462 4
1463 4
1464 5
1465 4
1466 8
1467 4
1468 5
1469 4
1470 4
1471 4
1472 4
1473 4
1474 4
1475 5
1476 4
1477 4
1478 4
1479 2
1480 4
1481 5
1482 4
1483 4
1484 5
1485 4
1486 4
1487 4
1488 6
1489 6
1490 6
1491 8
1492 6
1493 8
1494 6
1495 6
1496 6
1497 7
1498 7
1499 3
1500 4
1501 4
1502 7
1503 4
1504 7
1505 6
1506 6
1507 6
1508 6
1509 6
1510 6
1511 8
1512 8
1513 5
1514 5
1515 4
1516 5
1517 5
1518 5
1519 5
1520 5
1521 5
1522 4
1523 5
1524 5
1525 4
1526 7
1527 5
1528 7
1529 7
1530 5
1531 5
1532 5
1533 5
1534 5
1535 5
1536 5
1537 5
1538 5
1539 5
1540 5
1541 5
1542 5
1543 5
1544 5
1545 4
1546 5
1547 5
1548 5
1549 4
1550 5
1551 5
1552 5
1553 5
1554 5
1555 5
1556 5
1557 5
1558 5
1559 5
1560 5
1561 5
1562 5
1563 5
1564 5
1565 5
1566 5
1567 6
1568 3
1569 7
1570 7
1571 5
1572 5
1573 8
1574 5
1575 5
1576 7
1577 5
1578 5
1579 5
1580 5
1581 5
1582 4
1583 4
1584 5
1585 5
1586 5
1587 5
1588 5
1589 5
1590 5
1591 4
1592 5
1593 5
1594 4
1595 5
1596 4
1597 5
1598 5
1599 5
1600 5
1601 5
1602 5
1603 6
1604 4
1605 5
1606 5
1607 5
1608 5
1609 5
1610 5
1611 5
1612 5
1613 5
1614 5
1615 5
1616 5
1617 5
1618 5
1619 6
1620 5
1621 4
1622 5
1623 5
1624 5
1625 5
1626 5
1627 5
1628 5
1629 5
1630 5
1631 5
1632 4
1633 4
1634 5
1635 5
1636 5
1637 7
1638 5
1639 5
1640 5
1641 5
1642 8
1643 5
1644 5
1645 5
1646 4
1647 5
1648 5
1649 5
1650 3
1651 5
1652 5
1653 5
1654 5
1655 5
1656 4
1657 8
1658 5
1659 4
1660 5
1661 1
1662 5
1663 5
1664 5
1665 8
1666 5
1667 5
1668 5
1669 4
1670 5
1671 4
1672 5
1673 5
1674 5
1675 6
1676 5
1677 5
1678 5
1679 5
1680 5
1681 5
1682 5
1683 5
1684 5
1685 4
1686 5
1687 5
1688 5
1689 7
1690 5
1691 5
1692 5
1693 5
1694 5
1695 4
1696 5
1697 5
1698 5
1699 5
1700 5
1701 5
1702 5
1703 5
1704 5
1705 4
1706 5
1707 5
1708 5
1709 5
1710 5
1711 5
1712 5
1713 4
1714 3
1715 5
1716 5
1717 8
1718 5
1719 5
1720 5
1721 4
1722 5
1723 5
1724 5
1725 5
1726 5
1727 8
1728 5
1729 5
1730 5
1731 5
1732 5
1733 8
1734 4
1735 5
1736 5
1737 5
1738 5
1739 5
1740 5
1741 4
1742 5
1743 1
1744 5
1745 8
1746 4
1747 5
1748 4
1749 5
1750 5
1751 8
1752 5
1753 5
1754 5
1755 3
1756 8
1757 4
1758 5
1759 4
1760 5
1761 5
1762 4
1763 5
1764 5
1765 5
1766 4
1767 4
1768 1
1769 7
1770 4
1771 5
1772 5
1773 7
1774 5
1775 5
1776 5
1777 4
1778 5
1779 8
1780 5
1781 5
1782 1
1783 5
1784 4
1785 5
1786 5
1787 6
1788 4
1789 5
1790 5
1791 5
1792 5
1793 5
1794 5
1795 5
1796 4
1797 5
1798 5
1799 5
1800 5
1801 5
1802 4
1803 5
1804 5
1805 1
1806 5
1807 4
1808 4
1809 5
1810 5
1811 5
1812 4
1813 1
1814 8
1815 8
1816 5
1817 5
1818 5
1819 4
1820 5
1821 6
1822 5
1823 5
1824 4
1825 5
1826 4
1827 3
1828 5
1829 4
1830 6
1831 8
1832 5
1833 5
1834 5
1835 4
1836 5
1837 8
1838 5
1839 4
1840 6
1841 6
1842 5
1843 5
1844 5
1845 5
1846 5
1847 8
1848 5
1849 5
1850 6
1851 5
1852 8
1853 4
1854 4
1855 5
1856 6
1857 5
1858 5
1859 6
1860 8
1861 5
1862 5
1863 5
1864 5
1865 5
1866 5
1867 5
1868 5
1869 4
1870 5
1871 5
1872 5
1873 1
1874 4
1875 4
1876 4
1877 4
1878 5
1879 5
1880 5
1881 5
1882 8
1883 4
1884 5
1885 6
1886 5
1887 4
1888 1
1889 5
1890 5
1891 5
1892 5
1893 5
1894 4
1895 4
1896 4
1897 5
1898 5
1899 5
1900 4
1901 5
1902 5
1903 4
1904 4
1905 5
1906 5
1907 8
1908 4
1909 4
1910 4
1911 4
1912 8
1913 4
1914 4
1915 8
1916 5
1917 4
1918 5
1919 4
1920 4
1921 5
1922 4
1923 5
1924 5
1925 5
1926 5
1927 5
1928 5
1929 5
1930 5
1931 5
1932 6
1933 2
1934 7
1935 6
1936 4
1937 8
1938 5
1939 4
1940 4
1941 5
1942 5
1943 6
1944 4
1945 5
1946 4
1947 5
1948 5
1949 6
1950 6
1951 5
1952 5
1953 5
1954 2
1955 5
1956 5
1957 5
1958 5
1959 5
1960 5
1961 5
1962 1
1963 5
1964 5
1965 5
1966 5
1967 5
1968 5
1969 5
1970 5
1971 8
1972 5
1973 4
1974 6
1975 5
1976 5
1977 5
1978 5
1979 5
1980 4
1981 5
1982 5
1983 5
1984 5
1985 5
1986 5
1987 5
1988 5
1989 5
1990 5
1991 4
1992 4
1993 5
1994 5
1995 5
1996 5
1997 5
1998 5
1999 5
2000 5
2001 5
2002 5
2003 4
2004 5
2005 4
2006 5
2007 5
2008 5
2009 5
2010 5
2011 4
2012 5
2013 5
2014 5
2015 5
2016 8
2017 5
2018 5
2019 8
2020 5
2021 6
2022 4
2023 5
2024 4
2025 5
2026 7
2027 5
2028 4
2029 4
2030 4
2031 5
2032 4
2033 5
2034 5
2035 4
2036 5
2037 6
2038 4
2039 5
2040 5
2041 4
2042 4
2043 5
2044 5
2045 5
2046 5
2047 7
2048 4
2049 5
2050 5
2051 6
2052 7
2053 6
2054 5
2055 5
2056 5
2057 5
2058 5
2059 4
2060 4
2061 5
2062 5
2063 5
2064 8
2065 8
2066 3
2067 5
2068 5
2069 4
2070 4
2071 5
2072 8
2073 4
2074 5
2075 5
2076 4
2077 5
2078 1
2079 4
2080 4
2081 4
2082 5
2083 4
2084 5
2085 5
2086 4
2087 4
2088 4
2089 5
2090 5
2091 5
2092 5
2093 5
2094 4
2095 4
2096 4
2097 5
2098 5
2099 5
2100 5
2101 5
2102 4
2103 5
2104 5
2105 5
2106 5
2107 5
2108 4
2109 5
2110 5
2111 4
2112 4
2113 4
2114 5
2115 6
2116 5
2117 5
2118 8
2119 5
2120 5
2121 5
2122 3
2123 8
2124 4
2125 6
2126 3
2127 6
2128 3
2129 4
2130 6
2131 8
2132 4
2133 5
2134 5
2135 4
2136 6
2137 1
2138 8
2139 4
2140 3
